1.0333333333333332
5.816666666666666
14.725000000000003
1.1666666666666667
13.050000000000002
0
15.275000000000002
0.21249999999999997
9.041666666666664
1.0333333333333332
0
0.3666666666666667
15.416666666666666
38.81111111111111
6.488888888888889
4.8
15.906944444444445
8.866666666666665
17.597222222222218
0.6090909090909091
24.991666666666667
10.86388888888889
14.474999999999998
29.4
10.587499999999999
34.625
1.9125
7.411111111111111
14.933333333333334
1.8
5.929166666666667
19.50833333333333
2.6333333333333333
2.951515151515151
7.4
2.233333333333334
6.754545454545454
2.0000000000000004
2.5636363636363635
0.6
4.0
9.133333333333333
1.1666666666666667
11.262500000000003
6.133333333333333
1.5888888888888888
11.108333333333334
7.766666666666667
17.950000000000003
1.3888888888888888
5.826363636363636
0.1
14.870833333333332
31.995959595959597
24.5625
30.740277777777777
8.325000000000001
14.233333333333334
13.333333333333334
0.0375
2.7666666666666666
5.566666666666666
10.366666666666667
1.3125
13.845833333333333
16.033333333333335
78.19999999999999
9.475
7.362500000000001
0.03333333333333333
1.766666666666667
4.933333333333334
21.50833333333333
8.600000000000001
0.32499999999999996
15.970833333333331
30.654166666666665
9.325833333333335
23.000000000000007
3.809090909090909
15.499999999999998
23.233333333333334
11.7
0.5
0
2.7
10.33888888888889
7.366666666666667
1.8
4.933333333333334
12.233333333333334
3.6375
3.5999999999999996
7.161111111111111
3.622222222222222
10.5
0.7666666666666666
20.366666666666667
0.3875
10.866666666666665
